total	25	26	27	28	29	30	31	32	33	34
-100	35282	1235	1752	16740	6085	6562	2104	381	276	115	32
-99	30628	1058	3226	1647	1989	10471	5834	4940	1279	124	60
-98	42221	1417	851	1857	19791	8324	7625	2078	186	70	22
-97	51361	1474	4273	25335	8229	7864	2676	602	682	174	52
-96	25412	1250	4491	1511	1334	6853	4303	4501	1060	88	21
-95	46492	3407	1380	1658	19107	9507	9116	2041	208	43	25
-94	35026	1006	1594	15032	7666	6562	2183	490	332	139	22
-93	25041	742	2742	1197	1398	8311	4761	4683	1137	58	12
-92	45291	1457	900	1818	19405	10192	9412	1950	102	35	20
-91	45324	744	1615	18298	12236	9662	1995	376	291	95	12
-90	34788	1096	3680	1603	2137	12193	5584	6783	1597	94	21
-89	48572	1459	763	1965	22322	8719	10344	2838	114	35	13
-88	38786	1086	2271	18155	6586	6512	2951	639	445	122	19
-87	32377	1348	3859	1314	1798	10741	6251	5790	1189	71	16
-86	48265	1531	841	1744	22066	10325	9465	2064	185	27	17
-85	39501	856	1590	18398	7873	7676	2210	438	324	118	18
-84	34047	1685	3789	1593	1937	11787	5685	5878	1567	114	12
-83	43778	2451	1110	2190	19654	8088	8104	1992	150	20	19
-82	40181	1015	1876	19068	7782	6990	2363	492	440	133	22
-81	30107	1049	3647	1210	1541	10002	5469	5387	1704	78	20
-80	49326	1986	942	1604	21064	10640	9914	2952	137	53	34
-79	46743	1401	2056	20719	9295	9040	3361	375	367	99	30
-78	30140	804	3540	1391	1762	10503	5251	5445	1344	83	17
-77	47184	2073	1195	2078	21687	9421	8333	2227	108	45	17
-76	38123	1795	1853	18344	6235	6950	2021	479	332	95	19
-75	30076	936	3493	1264	1523	10623	5805	5072	1209	117	34
-74	43892	1604	885	1549	20610	8457	8487	2007	179	78	36
-73	40597	938	2034	19263	7189	6489	2475	1083	818	288	20
-72	29587	1035	3346	1127	1354	9069	6551	5440	1551	86	28
-71	43553	1953	923	1566	18908	9602	8142	2245	161	31	22
-70	42761	1478	2075	18882	9643	7089	2877	330	264	98	25
-69	29315	767	3396	1539	1749	9002	5467	5738	1516	124	17
-68	48221	1668	931	1712	21428	10289	9321	2642	177	34	19
-67	46229	2026	2457	19357	9294	9518	2724	399	333	95	26
-66	28299	976	3548	1418	1784	9912	4977	4525	1056	76	27
-65	46416	1674	908	2172	21236	9032	8768	2347	203	50	26
-64	37146	709	1610	18227	6077	5930	2463	623	1375	117	15
-63	32760	1341	3654	1245	1600	9762	5705	8155	1199	77	22
-62	50564	1669	756	1688	21925	10562	11575	2197	148	26	18
-61	50653	838	2446	23898	8585	11452	2322	487	503	112	10
-60	30947	1002	4692	1781	2106	9542	5515	5199	1008	86	16
-59	54230	2003	1098	1933	24760	11599	10233	2384	155	33	32
-58	37004	943	2224	17867	7079	6088	2035	366	266	117	19
-57	25935	975	3497	1311	1554	7996	5129	4267	1091	93	22
-56	49569	2309	998	1946	22520	10152	9387	2051	154	34	18
-55	44483	1234	2350	21304	8493	7890	2242	443	353	148	26
-54	28484	886	3601	1373	1803	9134	5303	4959	1271	101	53
-53	46270	1639	915	1610	20686	9657	9164	2325	209	48	17
-52	35949	762	1685	17900	6569	5883	2122	491	423	102	12
-51	29721	933	4113	1297	1522	9447	5841	5246	1210	88	24
-50	54805	2484	1151	2166	25137	9791	10878	2905	229	44	20
-49	41467	767	1633	20419	7878	7340	2477	441	344	113	55
-48	25577	736	3233	1215	1458	8667	4523	4525	1136	63	21
-47	50639	2116	1098	2102	23556	9433	9882	2161	227	37	27
-46	35982	880	1895	18487	6234	6125	1703	332	222	77	27
-45	29402	1120	3731	1422	1612	9122	6022	4810	1389	153	21
-44	52686	1823	1226	1616	24366	11768	9452	2241	118	40	36
-43	35276	937	1565	16768	6664	6148	2191	448	456	79	20
-42	27759	651	3255	1262	1399	9670	4994	5122	1297	89	20
-41	49144	2234	1010	1700	22228	8917	9903	2922	162	44	24
-40	36920	947	1578	17695	6805	6676	2332	453	345	77	12
-39	32277	721	3459	1246	1677	11588	6586	6041	863	69	27
-38	54663	1813	793	1741	26230	12422	9989	1508	116	27	24
-37	52222	1058	2983	28114	9451	8026	1832	391	283	72	12
-36	26870	882	4484	1594	1592	7565	5219	4687	778	56	13
-35	48241	1823	1113	1908	20022	10711	9929	2510	185	27	13
-34	35320	1785	1779	15325	7359	6207	1938	458	359	101	9
-33	29362	875	2960	1410	1460	10403	5581	5230	1387	51	5
-32	42637	1433	887	1456	18597	9435	8175	2552	78	7	17
-31	33354	756	1870	16740	6393	5398	1690	320	93	76	18
-30	22064	869	3103	1638	1112	8640	4739	1344	527	83	9
-29	41437	1907	1088	1150	23340	9860	3001	902	131	36	22
-28	27364	1114	1205	16109	5970	1416	761	405	300	75	9
-27	22419	421	4910	940	395	4835	4782	4929	1108	92	7
-26	48654	6246	577	656	16088	10710	12269	1920	150	15	23
-25	26234	633	622	9597	6347	6508	1806	367	268	74	12
-24	20573	213	1956	1206	1725	7497	3296	3923	685	62	10
-23	35495	964	1057	1772	17074	6083	6919	1455	134	26	11
-22	25772	1130	1723	12410	4241	4513	1093	378	205	40	39
-21	21104	813	2546	802	1029	6379	5010	3507	734	201	83
-20	32294	1353	676	1083	14334	8037	5436	1022	228	83	42
-19	26908	555	1038	11831	5307	3526	996	1922	845	775	113
-18	69425	940	3916	1698	1773	3151	26031	16456	13673	1620	167
-17	174974	4227	2542	3240	9254	74342	42612	34572	3889	279	17
-16	63677	892	1356	4255	29654	13840	11984	1551	136	8	1
-15	14573	518	925	6072	3617	2958	398	67	15	1	2
-14	6038	458	2493	1304	1308	319	87	61	6	2	0
-13	5876	2404	1480	1371	332	162	78	38	10	1	0
-12	2224	845	800	200	109	112	92	52	13	1	0
-11	1342	748	136	93	118	134	75	28	10	0	0
-10	679	245	40	61	123	92	55	50	8	1	4
-9	396	29	26	62	98	67	81	19	12	1	1
-8	407	25	25	95	73	90	63	25	6	4	1
-7	294	19	24	26	76	65	43	37	3	1	0
-6	324	18	19	71	63	71	50	18	9	1	4
-5	130	3	12	22	32	28	18	10	5	0	0
-4	219	4	15	31	49	57	37	18	5	0	3
-3	261	15	13	38	61	65	48	9	2	9	1
-2	546	19	51	41	76	49	26	29	255	0	0
-1	428	31	31	43	57	56	42	159	6	0	3
0	341	23	18	49	62	62	78	25	24	0	0
1	988	34	64	66	162	453	105	95	8	1	0
2	697	58	14	141	289	113	60	11	10	1	0
3	346	12	32	123	45	65	25	38	5	1	0
4	571	21	388	28	36	48	34	15	1	0	0
5	1188	957	15	75	46	64	18	8	2	1	2
6	325	48	13	69	84	47	45	11	7	0	1
7	132	15	6	12	27	44	17	8	3	0	0
8	178	4	14	43	25	67	14	5	3	3	0
9	193	12	7	14	49	28	50	16	17	0	0
10	198	13	12	19	26	67	26	21	13	1	0
11	309	4	11	69	120	55	41	7	1	1	0
12	159	11	5	17	23	33	15	43	11	1	0
13	98	6	6	15	15	29	23	4	0	0	0
14	173	11	2	31	39	23	40	11	14	2	0
15	183	3	6	25	23	53	28	37	8	0	0
16	148	7	9	15	27	43	27	16	4	0	0
17	220	9	6	73	60	43	16	5	2	6	0
18	199	6	18	63	61	34	7	9	1	0	0
19	108	10	16	19	21	21	11	6	4	0	0
20	194	9	8	43	61	37	24	9	1	2	0
21	117	2	14	15	24	25	26	10	1	0	0
22	100	6	7	19	14	21	13	13	4	3	0
23	76	10	6	11	14	15	12	7	1	0	0
24	110	6	12	17	21	22	21	8	3	0	0
25	103	3	10	13	21	17	20	14	4	1	0
26	86	4	3	12	18	17	18	6	6	2	0
27	171	8	9	27	28	44	24	29	1	0	1
28	155	11	3	20	32	36	38	10	5	0	0
29	140	2	9	24	28	51	18	5	1	1	1
30	157	5	9	25	28	41	31	13	5	0	0
31	214	2	5	12	85	72	26	9	3	0	0
32	132	3	8	28	25	25	21	13	4	4	1
33	110	6	3	30	30	22	13	5	1	0	0
34	200	5	11	16	44	64	35	16	9	0	0
35	329	13	14	94	109	59	29	10	0	1	0
36	127	8	21	21	25	24	16	8	3	0	1
37	110	9	12	19	24	18	12	12	1	3	0
38	165	10	13	21	46	34	30	6	3	2	0
39	214	6	12	33	54	56	22	25	4	2	0
40	126	5	13	10	19	26	32	19	2	0	0
41	60	4	7	5	14	14	8	3	3	0	2
42	66	9	3	12	16	17	7	0	2	0	0
43	126	8	11	14	10	22	22	33	4	2	0
44	178	1	6	17	48	33	59	11	3	0	0
45	94	4	4	12	22	22	19	11	0	0	0
46	161	10	12	25	48	22	27	11	6	0	0
47	312	9	16	36	124	56	38	24	5	4	0
48	230	10	10	49	56	44	15	35	9	2	0
49	134	7	6	27	27	23	22	15	7	0	0
50	68	5	7	10	9	21	5	9	1	0	1
51	166	15	13	37	45	37	15	4	0	0	0
52	177	5	14	20	54	34	22	20	4	0	4
53	160	9	17	39	20	25	23	15	7	3	2
54	434	15	154	48	68	54	39	27	15	7	7
55	4102	1764	431	596	411	258	116	178	168	180	0
56	3166	509	681	438	312	210	414	263	339	0	0
57	659	80	84	160	72	100	68	94	1	0	0
58	844	85	173	149	86	154	140	54	3	0	0
59	526	137	138	44	115	68	13	9	2	0	0
60	481	21	20	64	86	146	28	86	30	0	0
61	457	26	95	72	128	32	73	23	7	1	0
62	942	21	70	318	92	303	115	19	4	0	0
63	501	16	49	16	50	126	180	57	5	2	0
64	262	30	12	28	41	62	64	20	3	2	0
65	344	9	50	79	100	79	20	4	2	1	0
66	169	4	3	13	20	39	21	43	26	0	0
67	438	29	38	59	127	56	92	37	0	0	0
68	166	4	3	18	34	31	51	14	9	1	1
69	259	5	6	44	45	93	44	16	6	0	0
70	639	8	11	19	256	156	148	39	0	1	1
71	535	4	6	244	140	103	29	6	3	0	0
72	678	25	110	127	76	128	125	80	7	0	0
73	304	5	12	24	95	58	91	14	5	0	0
74	485	5	8	188	145	78	21	9	29	2	0
75	188	13	18	34	17	28	24	49	4	0	1
76	604	6	9	11	235	114	207	20	2	0	0
77	642	36	35	220	106	211	21	6	6	1	0
78	158	3	24	13	28	37	6	38	5	4	0
79	200	11	9	14	30	56	41	28	10	0	1
80	258	4	15	21	105	63	35	13	1	1	0
81	112	10	6	18	15	24	11	15	8	5	0
82	72	2	8	11	13	15	7	13	3	0	0
83	391	22	31	126	75	50	71	10	4	2	0
84	449	4	4	9	12	224	101	64	29	2	0
85	136	5	4	7	56	36	21	5	2	0	0
86	703	12	9	403	141	95	38	4	0	1	0
87	252	2	96	58	32	44	13	1	5	0	1
88	255	30	20	16	45	81	39	22	2	0	0
89	429	47	20	145	116	55	40	4	2	0	0
90	281	3	13	31	20	90	29	82	8	5	0
91	212	2	1	8	104	28	54	8	7	0	0
92	743	7	14	399	114	185	11	4	1	6	2
93	268	7	22	17	8	125	44	16	28	1	0
94	543	12	15	26	317	85	30	46	5	2	5
95	730	13	31	489	89	48	52	4	3	1	0
96	862	14	103	10	23	348	130	148	80	5	1
97	112	3	5	5	50	14	18	11	2	3	1
98	336	6	7	163	45	64	40	4	6	1	0
99	354	9	48	17	22	100	29	113	12	1	3
100	1148	23	5	19	547	137	390	27	0	0	0
